0.13647342995169082
0.11835748792270531
0.13103864734299517
0.13526570048309178
0.1358695652173913
0.12741545893719808
0.1497584541062802
0.12681159420289856
0.15458937198067632
0.125
0.1286231884057971
0.14190821256038647
0.1316425120772947
0.12318840579710146
0.1527777777777778
0.12620772946859904
0.14794685990338163
0.1461352657004831
0.18357487922705315
0.13345410628019325
0.12741545893719808
0.1358695652173913
0.14190821256038647
0.16727053140096618
0.17753623188405798
0.13949275362318841
0.26268115942028986
0.1461352657004831
0.3140096618357488
0.14855072463768115
0.1678743961352657
0.16606280193236714
0.16485507246376813
0.29347826086956524
0.1473429951690821
0.1751207729468599
0.16002415458937197
0.14794685990338163
0.17149758454106281
0.20591787439613526
0.15338164251207728
0.1926328502415459
0.18297101449275363
0.15338164251207728
0.14432367149758454
0.18780193236714976
0.12318840579710146
0.13043478260869565
0.15157004830917875
0.14371980676328502
0.11533816425120773
0.13949275362318841
0.12560386473429952
0.12681159420289856
0.13647342995169082
0.12983091787439613
0.13647342995169082
0.1388888888888889
0.1606280193236715
0.12318840579710146
0.14190821256038647
0.25966183574879226
0.2669082125603865
0.15579710144927536
0.14130434782608695
0.18357487922705315
0.14190821256038647
0.2276570048309179
0.16968599033816426
0.13768115942028986
0.29528985507246375
0.19142512077294685
0.15096618357487923
0.2971014492753623
0.2638888888888889
0.23550724637681159
0.19685990338164253
0.25422705314009664
0.15640096618357488
0.18538647342995168
0.196256038647343
0.16847826086956522
0.18115942028985507
0.13707729468599034
0.17572463768115942
0.1751207729468599
0.19021739130434784
0.22826086956521738
0.213768115942029
0.20108695652173914
0.20652173913043478
0.17391304347826086
0.1926328502415459
0.17330917874396135
0.17330917874396135
0.10929951690821256
0.19142512077294685
0.14673913043478262
0.17451690821256038
0.16183574879227053
0.2506038647342995
0.23852657004830918
0.12318840579710146
0.22826086956521738
0.26992753623188404
0.27355072463768115
0.2856280193236715
0.21980676328502416
0.15338164251207728
0.15821256038647344
0.28019323671497587
0.3061594202898551
0.19384057971014493
0.22705314009661837
0.3780193236714976
0.1708937198067633
0.19746376811594202
0.21195652173913043
0.21920289855072464
0.37620772946859904
0.30132850241545894
0.36533816425120774
0.39311594202898553
0.39492753623188404
0.3882850241545894
0.1793478260869565
0.34903381642512077
0.3363526570048309
0.1503623188405797
0.22946859903381642
0.3774154589371981
0.3466183574879227
0.19867149758454106
0.36292270531400966
0.40217391304347827
0.21014492753623187
0.4535024154589372
0.3007246376811594
0.21920289855072464
0.42995169082125606
0.29528985507246375
0.3997584541062802
0.41183574879227053
0.41002415458937197
0.16183574879227053
0.46497584541062803
0.42391304347826086
0.3103864734299517
0.4722222222222222
0.40640096618357485
0.46195652173913043
0.4438405797101449
0.3852657004830918
0.38164251207729466
0.27657004830917875
0.3103864734299517
0.2977053140096618
0.338768115942029
0.2995169082125604
0.4583333333333333
0.3532608695652174
0.2602657004830918
0.26992753623188404
0.43417874396135264
0.4963768115942029
0.36231884057971014
0.4281400966183575
0.30495169082125606
0.46618357487922707
0.4939613526570048
0.3919082125603865
0.4867149758454106
0.44867149758454106
0.37983091787439616
0.3641304347826087
0.49818840579710144
0.463768115942029
0.34359903381642515
0.4613526570048309
0.38405797101449274
0.4214975845410628
0.5084541062801933
0.4396135265700483
0.49335748792270534
0.4782608695652174
0.37983091787439616
0.4426328502415459
0.5030193236714976
0.42089371980676327
0.5126811594202898
0.42995169082125606
0.46497584541062803
0.49577294685990336
0.4390096618357488
0.43417874396135264
0.43176328502415456
0.40096618357487923
0.38405797101449274
0.4329710144927536
0.5416666666666666
0.4553140096618358
0.5356280193236715
0.47101449275362317
0.5006038647342995
0.4172705314009662
0.43417874396135264
0.5621980676328503
0.5458937198067633
0.4504830917874396
0.5555555555555556
0.4396135265700483
0.5114734299516909
0.49335748792270534
0.4281400966183575
0.4426328502415459
0.48792270531400966
0.5416666666666666
0.4806763285024155
0.48007246376811596
0.5658212560386473
0.5229468599033816
0.4975845410628019
0.5392512077294686
0.5458937198067633
0.2747584541062802
0.4969806763285024
0.49577294685990336
0.4716183574879227
0.5169082125603864
0.4426328502415459
0.5742753623188406
0.4963768115942029
0.48792270531400966
0.40881642512077293
0.4758454106280193
0.34842995169082125
0.4492753623188406
0.447463768115942
0.4353864734299517
0.4945652173913043
0.5519323671497585
0.3786231884057971
0.5573671497584541
0.4861111111111111
0.4758454106280193
0.4281400966183575
0.447463768115942
0.42693236714975846
0.5018115942028986
0.5084541062801933
0.4426328502415459
0.47342995169082125
0.5132850241545893
0.4806763285024155
0.48007246376811596
0.40096618357487923
0.4607487922705314
0.5247584541062802
0.5434782608695652
0.5954106280193237
0.49577294685990336
0.5549516908212561
0.5271739130434783
0.47101449275362317
0.5102657004830918
0.5024154589371981
0.5978260869565217
0.5555555555555556
0.42330917874396135
0.48792270531400966
0.6056763285024155
0.6171497584541062
0.5132850241545893
0.5
0.47705314009661837
0.3617149758454106
0.5597826086956522
0.5126811594202898
0.4939613526570048
0.48007246376811596
0.5477053140096618
0.5114734299516909
0.5368357487922706
0.533816425120773
0.44323671497584544
0.45893719806763283
0.5265700483091788
0.4414251207729469
0.517512077294686
0.5362318840579711
0.5380434782608695
0.5664251207729468
0.6002415458937198
0.5477053140096618
0.4746376811594203
0.5815217391304348
0.5615942028985508
0.5634057971014492
0.40700483091787437
0.5730676328502415
0.5821256038647343
0.535024154589372
0.4323671497584541
0.5489130434782609
0.3502415458937198
0.5368357487922706
0.4305555555555556
0.3804347826086957
0.5688405797101449
0.5271739130434783
0.46557971014492755
0.5561594202898551
0.5434782608695652
0.5205314009661836
0.5114734299516909
0.5634057971014492
0.607487922705314
0.5905797101449275
0.5821256038647343
0.1932367149758454
0.21859903381642512
0.24516908212560387
0.1213768115942029
0.28019323671497587
0.1358695652173913
0.14432367149758454
0.32065217391304346
0.3242753623188406
0.14794685990338163
0.28683574879227053
0.16968599033816426
0.357487922705314
0.1606280193236715
0.2457729468599034
0.17814009661835747
0.2741545893719807
0.35929951690821255
0.3864734299516908
0.38164251207729466
0.28683574879227053
0.3496376811594203
0.22342995169082125
0.33454106280193235
0.3725845410628019
0.4492753623188406
0.20108695652173914
0.41304347826086957
0.3194444444444444
0.338768115942029
0.28019323671497587
0.23309178743961353
0.40700483091787437
0.25120772946859904
0.40458937198067635
0.22644927536231885
0.35507246376811596
0.4528985507246377
0.4601449275362319
0.4082125603864734
0.45169082125603865
0.4438405797101449
0.303743961352657
0.23128019323671498
0.4190821256038647
0.24939613526570048
0.37379227053140096
0.34601449275362317
0.4601449275362319
0.42934782608695654
0.35688405797101447
0.4335748792270531
0.3170289855072464
0.2584541062801932
0.37379227053140096
0.40881642512077293
0.3689613526570048
0.4178743961352657
0.4257246376811594
0.3605072463768116
0.3176328502415459
0.29891304347826086
0.38405797101449274
0.4136473429951691
0.4166666666666667
0.3961352657004831
0.44082125603864736
0.3442028985507246
0.2977053140096618
0.47041062801932365
0.2584541062801932
0.23731884057971014
0.38466183574879226
0.5108695652173914
0.2578502415458937
0.27898550724637683
0.37681159420289856
0.41183574879227053
0.5193236714975845
0.46799516908212563
0.5018115942028986
0.46195652173913043
0.2578502415458937
0.4752415458937198
0.4245169082125604
0.4365942028985507
0.47403381642512077
0.3085748792270531
0.47101449275362317
0.532608695652174
0.26811594202898553
0.4257246376811594
0.3973429951690821
0.46497584541062803
0.4643719806763285
0.5217391304347826
0.3508454106280193
0.2638888888888889
0.2113526570048309
0.4444444444444444
0.4692028985507246
0.42995169082125606
0.32608695652173914
0.4535024154589372
0.4861111111111111
0.45169082125603865
0.47946859903381644
0.5042270531400966
0.4782608695652174
0.40640096618357485
0.5229468599033816
0.47101449275362317
0.47403381642512077
0.5090579710144928
0.4384057971014493
0.5030193236714976
0.5120772946859904
0.44867149758454106
0.47705314009661837
0.4498792270531401
0.4788647342995169
0.40157004830917875
0.4891304347826087
0.519927536231884
0.4613526570048309
0.4861111111111111
0.4758454106280193
0.5289855072463768
0.5368357487922706
0.463768115942029
0.48490338164251207
0.43780193236714976
0.4667874396135266
0.4782608695652174
0.49033816425120774
0.5138888888888888
0.4891304347826087
0.518719806763285
0.5392512077294686
0.48188405797101447
0.5821256038647343
0.44867149758454106
0.5471014492753623
0.5320048309178744
0.4939613526570048
0.5108695652173914
0.5289855072463768
0.5144927536231884
0.3665458937198068
0.3061594202898551
0.40096618357487923
0.4921497584541063
0.46316425120772947
0.5628019323671497
0.535024154589372
0.4921497584541063
0.3285024154589372
0.38768115942028986
0.31280193236714976
0.47705314009661837
0.5567632850241546
0.3303140096618358
0.5621980676328503
0.48429951690821255
0.44082125603864736
0.48007246376811596
0.482487922705314
0.5108695652173914
0.49818840579710144
0.5567632850241546
0.5881642512077294
0.5157004830917874
0.4426328502415459
0.4969806763285024
0.47403381642512077
0.5579710144927537
0.5126811594202898
0.5507246376811594
0.5869565217391305
0.5827294685990339
0.5138888888888888
0.5742753623188406
0.5320048309178744
0.5978260869565217
0.4142512077294686
0.49335748792270534
0.49516908212560384
0.3997584541062802
0.5658212560386473
0.5766908212560387
0.48188405797101447
0.5754830917874396
0.586352657004831
0.4353864734299517
0.5483091787439613
0.4945652173913043
0.5332125603864735
0.553743961352657
0.5591787439613527
0.5235507246376812
0.5307971014492754
0.49879227053140096
0.5549516908212561
0.34118357487922707
0.5591787439613527
0.40398550724637683
0.5374396135265701
0.5760869565217391
0.36835748792270534
0.5344202898550725
0.5531400966183575
0.5736714975845411
0.5555555555555556
0.5718599033816425
0.5108695652173914
0.5827294685990339
0.5543478260869565
0.5990338164251208
0.5477053140096618
0.5730676328502415
0.5513285024154589
0.5954106280193237
0.483695652173913
0.5839371980676329
0.533816425120773
0.5652173913043478
0.5839371980676329
0.5664251207729468
0.5259661835748792
0.586352657004831
0.6334541062801933
0.607487922705314
0.5271739130434783
0.5942028985507246
0.46316425120772947
0.5036231884057971
0.5748792270531401
0.572463768115942
0.5772946859903382
0.5736714975845411
0.553743961352657
0.518719806763285
0.5597826086956522
0.5736714975845411
0.47705314009661837
0.5640096618357487
0.5778985507246377
0.5181159420289855
0.5247584541062802
0.5344202898550725
0.5972222222222222
0.6165458937198067
0.592391304347826
0.5778985507246377
0.5809178743961353
0.5772946859903382
0.5314009661835749
0.4752415458937198
0.6189613526570048
0.5018115942028986
0.5670289855072463
0.5706521739130435
0.6086956521739131
0.4788647342995169
0.5978260869565217
0.5157004830917874
0.5815217391304348
0.41243961352657005
0.5030193236714976
0.5464975845410628
0.5766908212560387
0.4782608695652174
0.4559178743961353
0.5615942028985508
0.5374396135265701
0.5283816425120773
0.5277777777777778
0.5664251207729468
0.5833333333333334
0.5543478260869565
0.5893719806763285
0.6274154589371981
0.5845410628019324
0.4577294685990338
0.572463768115942
0.6056763285024155
0.5501207729468599
0.4106280193236715
0.4577294685990338
0.5416666666666666
0.5869565217391305
0.5193236714975845
0.5839371980676329
0.6346618357487923
0.4806763285024155
0.5567632850241546
0.5772946859903382
0.6141304347826086
0.45954106280193235
0.5966183574879227
0.5797101449275363
0.5555555555555556
0.6171497584541062
0.4607487922705314
0.5815217391304348
0.4830917874396135
0.571256038647343
0.5954106280193237
0.42391304347826086
0.5778985507246377
0.5893719806763285
0.6274154589371981
0.5893719806763285
0.5778985507246377
0.39070048309178745
0.5006038647342995
0.5893719806763285
0.5344202898550725
0.5615942028985508
0.5567632850241546
0.5996376811594203
0.5628019323671497
0.5030193236714976
0.6147342995169082
0.46980676328502413
0.46557971014492755
0.5344202898550725
0.5917874396135265
0.5700483091787439
0.5621980676328503
0.4806763285024155
0.5881642512077294
0.48731884057971014
0.482487922705314
0.5621980676328503
0.5700483091787439
0.5664251207729468
0.5942028985507246
0.5446859903381642
0.43780193236714976
0.5990338164251208
0.5380434782608695
0.4782608695652174
0.5591787439613527
0.48188405797101447
0.5380434782608695
0.6105072463768116
0.5875603864734299
0.6026570048309179
0.4975845410628019
0.6008454106280193
0.5223429951690821
0.4522946859903382
0.5797101449275363
0.4221014492753623
0.5851449275362319
0.4196859903381642
0.5978260869565217
0.5917874396135265
0.6068840579710145
0.5314009661835749
0.46256038647342995
0.5984299516908212
0.5845410628019324
0.6316425120772947
0.6032608695652174
0.5881642512077294
0.5452898550724637
0.5718599033816425
0.592391304347826
0.5851449275362319
0.607487922705314
0.42330917874396135
0.45652173913043476
0.5573671497584541
0.6032608695652174
0.6117149758454107
0.4033816425120773
0.5507246376811594
0.6153381642512077
0.49033816425120774
0.5797101449275363
0.5869565217391305
0.5869565217391305
0.5839371980676329
0.5706521739130435
0.6177536231884058
0.5519323671497585
0.5966183574879227
0.5760869565217391
0.5682367149758454
0.4915458937198068
0.5664251207729468
0.5905797101449275
0.392512077294686
0.5169082125603864
0.4716183574879227
0.5682367149758454
0.606280193236715
0.5893719806763285
0.5247584541062802
0.4921497584541063
0.5664251207729468
0.6092995169082126
0.5446859903381642
0.5416666666666666
0.6479468599033816
0.5621980676328503
0.5887681159420289
0.5791062801932367
0.4722222222222222
0.6099033816425121
0.6105072463768116
0.5929951690821256
0.6268115942028986
0.5519323671497585
0.586352657004831
0.623792270531401
0.6364734299516909
0.6177536231884058
0.6008454106280193
0.6135265700483091
0.6141304347826086
0.5549516908212561
0.5567632850241546
0.5839371980676329
0.5452898550724637
0.5434782608695652
0.5917874396135265
0.6002415458937198
0.5235507246376812
0.5845410628019324
0.5652173913043478
0.5380434782608695
0.6280193236714976
0.533816425120773
0.606280193236715
0.5966183574879227
0.5597826086956522
0.5169082125603864
0.5881642512077294
0.591183574879227
0.5144927536231884
0.5797101449275363
0.5833333333333334
0.34057971014492755
0.5935990338164251
0.5960144927536232
0.605072463768116
0.12530266343825666
0.12953995157384987
0.18462469733656175
0.13861985472154964
0.21973365617433413
0.137409200968523
0.12772397094430993
0.14588377723970944
0.1549636803874092
0.20157384987893462
0.13498789346246973
0.26815980629539954
0.24092009685230023
0.13075060532687652
0.286319612590799
0.3075060532687651
0.38196125907990314
0.326271186440678
0.28026634382566584
0.11561743341404358
0.16888619854721548
0.35108958837772397
0.3831719128329298
0.18462469733656175
0.31840193704600483
0.16162227602905568
0.31113801452784506
0.4116222760290557
0.2778450363196126
0.3577481840193705
0.3595641646489104
0.2929782082324455
0.36803874092009686
0.39588377723970947
0.274818401937046
0.25907990314769974
0.17675544794188863
0.3341404358353511
0.400726392251816
0.3801452784503632
0.3565375302663438
0.3898305084745763
0.3831719128329298
0.3644067796610169
0.2397094430992736
0.2112590799031477
0.2645278450363196
0.4158595641646489
0.40980629539951574
0.3032687651331719
0.22941888619854722
0.28087167070217917
0.286319612590799
0.33777239709443097
0.39588377723970947
0.4194915254237288
0.33777239709443097
0.36380145278450365
0.3565375302663438
0.4261501210653753
0.3904358353510896
0.27905569007263925
0.41404358353510895
0.3480629539951574
0.39951573849878935
0.43341404358353514
0.2887409200968523
0.4600484261501211
0.3686440677966102
0.5363196125907991
0.45581113801452783
0.42493946731234866
0.3577481840193705
0.4993946731234867
0.37530266343825663
0.3171912832929782
0.24334140435835352
0.33171912832929784
0.3734866828087167
0.4703389830508475
0.4443099273607748
0.42433414043583534
0.38438256658595643
0.36138014527845036
0.2772397094430993
0.4322033898305085
0.39709443099273606
0.4872881355932203
0.4963680387409201
0.511501210653753
0.4473365617433414
0.5314769975786925
0.46246973365617433
0.4297820823244552
0.4116222760290557
0.461864406779661
0.39285714285714285
0.4261501210653753
0.4146489104116223
0.5865617433414043
0.4794188861985472
0.5647699757869249
0.5078692493946732
0.48849878934624696
0.4019370460048426
0.45036319612590797
0.4703389830508475
0.5423728813559322
0.38196125907990314
0.46246973365617433
0.5575060532687651
0.3734866828087167
0.4685230024213075
0.4703389830508475
0.39285714285714285
0.46912832929782083
0.28753026634382567
0.5611380145278451
0.5066585956416465
0.23668280871670702
0.4812348668280872
0.5242130750605327
0.4043583535108959
0.45217917675544794
0.38680387409200967
0.4430992736077482
0.3577481840193705
0.4721549636803874
0.5169491525423728
0.23668280871670702
0.5042372881355932
0.5127118644067796
0.3559322033898305
0.4612590799031477
0.2645278450363196
0.43523002421307505
0.5102905569007264
0.511501210653753
0.5399515738498789
0.39285714285714285
0.3280871670702179
0.2966101694915254
0.49031476997578693
0.5060532687651331
0.47397094430992737
0.5236077481840193
0.423728813559322
0.5314769975786925
0.49818401937046003
0.45944309927360777
0.44612590799031476
0.4927360774818402
0.49515738498789347
0.5671912832929782
0.5042372881355932
0.49031476997578693
0.5187651331719129
0.26210653753026636
0.3837772397094431
0.4782082324455206
0.5623486682808717
0.4642857142857143
0.36803874092009686
0.4552058111380145
0.33353510895883776
0.40738498789346245
0.4860774818401937
0.4824455205811138
0.45036319612590797
0.4515738498789346
0.551452784503632
0.5163438256658596
0.461864406779661
0.48365617433414043
0.5508474576271186
0.45217917675544794
0.5127118644067796
0.42736077481840196
0.5193704600484261
0.5223970944309927
0.49213075060532685
0.5417675544794189
0.4763922518159806
0.48789346246973364
0.2814769975786925
0.3910411622276029
0.4152542372881356
0.5157384987893463
0.39285714285714285
0.39709443099273606
0.42070217917675545
0.4152542372881356
0.44552058111380144
0.4491525423728814
0.49878934624697335
0.4715496368038741
0.5387409200968523
0.5647699757869249
0.5151331719128329
0.3910411622276029
0.5157384987893463
0.41828087167070216
0.4449152542372881
0.4515738498789346
0.511501210653753
0.39285714285714285
0.3159806295399516
0.3837772397094431
0.39891041162227603
0.5550847457627118
0.5169491525423728
0.4993946731234867
0.551452784503632
0.4025423728813559
0.49515738498789347
0.42070217917675545
0.5163438256658596
0.5653753026634383
0.5030266343825666
0.5962469733656174
0.5950363196125908
0.44612590799031476
0.5127118644067796
0.5
0.45641646489104115
0.5230024213075061
0.4727602905569007
0.4612590799031477
0.4957627118644068
0.5423728813559322
0.47578692493946734
0.3644067796610169
0.5320823244552058
0.5217917675544794
0.5
0.5901937046004843
0.48002421307506055
0.5121065375302664
0.585956416464891
0.27239709443099275
0.35411622276029053
0.4539951573849879
0.5242130750605327
0.4297820823244552
0.5030266343825666
0.5460048426150121
0.3389830508474576
0.5472154963680388
0.5750605326876513
0.5326876513317191
0.5641646489104116
0.49031476997578693
0.45217917675544794
0.3565375302663438
0.5708232445520581
0.5066585956416465
0.5435835351089588
0.39285714285714285
0.4552058111380145
0.43765133171912834
0.3141646489104116
0.589588377723971
0.5175544794188862
0.5532687651331719
0.35411622276029053
0.37167070217917675
0.4854721549636804
0.3414043583535109
0.513317191283293
0.5030266343825666
0.5581113801452785
0.5332929782082324
0.5605326876513317
0.5429782082324455
0.44552058111380144
0.4939467312348668
0.5036319612590799
0.44128329297820823
0.551452784503632
0.5605326876513317
0.5054479418886199
0.4473365617433414
0.4152542372881356
0.585956416464891
0.5417675544794189
0.5605326876513317
0.5127118644067796
0.5805084745762712
0.6059322033898306
0.48849878934624696
0.5799031476997578
0.511501210653753
0.5792978208232445
0.538135593220339
0.5677966101694916
0.5901937046004843
0.43099273607748184
0.5835351089588378
0.5441888619854721
0.46731234866828086
0.5338983050847458
0.5411622276029056
0.5569007263922519
0.5920096852300242
0.551452784503632
0.41707021791767557
0.587772397094431
0.5151331719128329
0.549636803874092
0.5611380145278451
0.4782082324455206
0.5799031476997578
0.5623486682808717
0.5738498789346247
0.5369249394673123
0.5478208232445521
0.5774818401937046
0.549636803874092
0.4975786924939467
0.5647699757869249
0.5332929782082324
0.597457627118644
0.5920096852300242
0.6168280871670703
0.326271186440678
0.49697336561743344
0.5121065375302664
0.5387409200968523
0.4406779661016949
0.5375302663438256
0.5502421307506054
0.6041162227602905
0.5417675544794189
0.5581113801452785
0.5605326876513317
0.5732445520581114
0.5587167070217918
0.5266343825665859
0.5708232445520581
0.5702179176755447
0.5950363196125908
0.5962469733656174
0.5296610169491526
0.5980629539951574
0.4213075060532688
0.4854721549636804
0.38680387409200967
0.4848668280871671
0.5417675544794189
0.5411622276029056
0.5508474576271186
0.5181598062953995
0.5102905569007264
0.6131961259079903
0.5835351089588378
0.5399515738498789
0.4346246973365617
0.49515738498789347
0.5393462469733656
0.5030266343825666
0.4721549636803874
0.5750605326876513
0.601089588377724
0.5217917675544794
0.5992736077481841
0.4993946731234867
0.46973365617433416
0.6083535108958837
0.5102905569007264
0.4927360774818402
0.5720338983050848
0.5066585956416465
0.5617433414043583
0.4933414043583535
0.5532687651331719
0.5684019370460048
0.5883777239709443
0.5659806295399515
0.5296610169491526
0.49697336561743344
0.5587167070217918
0.5072639225181598
0.6156174334140436
0.4188861985472155
0.5411622276029056
0.3898305084745763
0.549636803874092
0.6295399515738499
0.6029055690072639
0.44794188861985473
0.5211864406779662
0.5030266343825666
0.6216707021791767
0.5308716707021792
0.5756658595641646
0.5665859564164649
0.5326876513317191
0.5447941888619855
0.5272397094430993
0.5508474576271186
0.5242130750605327
0.5484261501210653
0.5962469733656174
0.5907990314769975
0.6041162227602905
0.589588377723971
0.5817191283292978
0.40375302663438256
0.39527845036319614
0.5102905569007264
0.5986682808716707
0.45883777239709445
0.597457627118644
0.5653753026634383
0.5768765133171913
0.5732445520581114
0.5889830508474576
0.5962469733656174
0.511501210653753
0.6174334140435835
0.587772397094431
0.610774818401937
0.4963680387409201
0.6029055690072639
0.42433414043583534
0.4794188861985472
0.5635593220338984
0.6047215496368039
0.47397094430992737
0.5696125907990315
0.6138014527845036
0.5829297820823245
0.6210653753026635
0.5544794188861986
0.6023002421307506
0.4406779661016949
0.4679176755447942
0.5387409200968523
0.45883777239709445
0.5623486682808717
0.5042372881355932
0.49213075060532685
0.513317191283293
0.551452784503632
0.5696125907990315
0.5217917675544794
0.5460048426150121
0.5562953995157385
0.5986682808716707
0.5780871670702179
0.5193704600484261
0.5883777239709443
0.5932203389830508
0.5369249394673123
0.62409200968523
0.5478208232445521
0.5744552058111381
0.6138014527845036
0.40980629539951574
0.6234866828087167
0.559322033898305
0.4897094430992736
0.5889830508474576
0.46912832929782083
0.44975786924939465
0.3692493946731235
0.6174334140435835
0.6156174334140436
0.6422518159806295
0.5811138014527845
0.4225181598062954
0.5441888619854721
0.5024213075060533
0.5853510895883777
0.6271186440677966
0.587772397094431
0.5054479418886199
0.5
0.6246973365617433
0.39951573849878935
0.3855932203389831
0.4406779661016949
0.5986682808716707
0.5841404358353511
0.47094430992736075
0.5690072639225182
0.40556900726392253
0.5671912832929782
0.5968523002421308
0.5581113801452785
0.5805084745762712
0.6047215496368039
0.5841404358353511
0.6410411622276029
0.5805084745762712
0.4891041162227603
0.5332929782082324
0.5502421307506054
0.5998789346246973
0.5296610169491526
0.5962469733656174
0.5581113801452785
0.6404358353510896
0.6428571428571429
0.6113801452784504
0.5181598062953995
0.5914043583535109
0.5792978208232445
0.6131961259079903
0.6343825665859564
0.5768765133171913
0.5036319612590799
0.6283292978208233
0.6035108958837773
0.6065375302663438
0.6174334140435835
0.5587167070217918
0.5054479418886199
0.5290556900726392
0.5641646489104116
0.5550847457627118
0.5883777239709443
0.5363196125907991
0.5774818401937046
0.5768765133171913
0.5805084745762712
0.587772397094431
0.5569007263922519
0.5508474576271186
0.5811138014527845
0.5841404358353511
0.6246973365617433
0.5738498789346247
0.44612590799031476
0.5472154963680388
0.5320823244552058
0.4642857142857143
0.5677966101694916
0.5399515738498789
0.62409200968523
0.5823244552058111
0.5792978208232445
0.6150121065375302
0.6204600484261501
0.6162227602905569
0.5744552058111381
0.4891041162227603
0.5024213075060533
0.5635593220338984
0.35472154963680386
0.5175544794188862
0.5036319612590799
0.4794188861985472
0.6047215496368039
0.6035108958837773
0.585956416464891
0.5078692493946732
0.46307506053268765
0.5490314769975787
0.4116222760290557
0.5205811138014528
0.5992736077481841
0.5665859564164649
0.45278450363196127
0.5932203389830508
0.5805084745762712
0.601089588377724
0.5254237288135594
0.5599273607748184
0.5096852300242131
0.6150121065375302
0.48002421307506055
0.5792978208232445
0.5926150121065376
0.5744552058111381
0.5768765133171913
0.5254237288135594
0.5926150121065376
0.49878934624697335
0.5665859564164649
0.6234866828087167
0.5714285714285714
0.6222760290556901
0.5799031476997578
0.6210653753026635
0.6265133171912833
0.5296610169491526
0.6180387409200968
0.5768765133171913
0.5472154963680388
0.5508474576271186
0.6295399515738499
0.5853510895883777
0.5901937046004843
0.5581113801452785
0.6041162227602905
0.44794188861985473
0.5805084745762712
0.6095641646489104
0.5030266343825666
0.5175544794188862
0.5405569007263923
0.5696125907990315
0.601089588377724
0.5738498789346247
0.5677966101694916
0.5805084745762712
0.5369249394673123
0.5411622276029056
0.49092009685230026
0.5998789346246973
0.5447941888619855
0.5478208232445521
0.6428571428571429
0.4891041162227603
0.587772397094431
0.5768765133171913
0.5901937046004843
0.3644067796610169
0.6210653753026635
0.5956416464891041
0.5774818401937046
0.5127118644067796
0.5829297820823245
0.5871670702179177
0.6174334140435835
0.5193704600484261
0.4830508474576271
0.5272397094430993
0.6016949152542372
0.5435835351089588
0.5217917675544794
0.5865617433414043
0.6016949152542372
0.5508474576271186
0.5774818401937046
0.5768765133171913
0.6470944309927361
0.6053268765133172
0.5544794188861986
0.5230024213075061
0.6059322033898306
0.5950363196125908
0.5780871670702179
0.5944309927360775
0.6016949152542372
0.5847457627118644
0.524818401937046
0.5254237288135594
0.5
0.5986682808716707
0.6246973365617433
0.5211864406779662
0.5992736077481841
0.6156174334140436
0.551452784503632
0.6301452784503632
0.49213075060532685
0.5944309927360775
0.5569007263922519
0.5907990314769975
0.648910411622276
0.5460048426150121
0.5901937046004843
0.6029055690072639
0.5950363196125908
0.5950363196125908
0.5308716707021792
0.5853510895883777
0.5393462469733656
0.5714285714285714
0.549636803874092
0.6035108958837773
0.44794188861985473
0.5883777239709443
0.4570217917675545
0.6083535108958837
0.5968523002421308
0.6095641646489104
0.5774818401937046
0.5823244552058111
0.6234866828087167
0.5920096852300242
0.5986682808716707
0.43765133171912834
0.610774818401937
0.513317191283293
0.5466101694915254
0.5072639225181598
0.5054479418886199
0.587772397094431
0.5738498789346247
0.46912832929782083
0.6071428571428571
0.5992736077481841
0.6071428571428571
0.4648910411622276
0.6210653753026635
0.597457627118644
0.6059322033898306
0.6198547215496368
0.6138014527845036
0.549636803874092
0.534503631961259
0.524818401937046
0.5296610169491526
0.637409200968523
0.46912832929782083
0.6186440677966102
0.5169491525423728
0.5357142857142857
0.635593220338983
0.5792978208232445
0.48365617433414043
0.425544794188862
0.5926150121065376
0.5581113801452785
0.5799031476997578
0.6004842615012107
0.5998789346246973
0.6016949152542372
0.5272397094430993
0.5817191283292978
0.6113801452784504
0.6047215496368039
0.5714285714285714
0.47578692493946734
0.5901937046004843
0.5665859564164649
0.5720338983050848
0.5478208232445521
0.6077481840193705
0.5829297820823245
0.5732445520581114
0.5768765133171913
0.6168280871670703
0.5659806295399515
0.612590799031477
0.5732445520581114
0.5018159806295399
0.6053268765133172
0.5308716707021792
0.5417675544794189
0.5605326876513317
0.5199757869249395
0.5914043583535109
0.5944309927360775
0.5944309927360775
